150 202
155 196
160 191
165 185
170 180
175 175
180 170
185 165
190 161
195 156
200 152
205 147
210 143
215 139
220 135
225 131
230 128
235 124
240 121
245 117
250 114
255 111
260 108
265 105
270 103
275 100
280 98
285 95
290 93
295 91
300 89
305 87
310 86
315 84
320 83
325 81
330 80
335 79
340 78
345 77
350 77
355 76
360 76
365 75
370 75
375 75
380 75
385 75
390 76
395 76
400 77
405 77
410 78
415 79
420 80
425 81
430 83
435 84
440 86
445 87
450 89
455 91
460 93
465 95
470 98
475 100
480 103
485 105
490 108
495 111
500 114
505 117
510 121
515 124
520 128
525 131
530 135
535 139
540 143
545 147
550 152
555 156
560 161
565 165
570 170
575 175
580 180
585 185
590 191
595 196
600 200
595 200
590 200
585 200
580 200
575 200
570 200
565 200
560 200
555 200
550 200
545 200
540 200
535 200
530 200
525 200
520 200
515 200
510 200
505 200
500 200
495 200
490 200
485 200
480 200
475 200
470 200
465 200
460 200
455 200
450 200
445 200
440 200
435 200
430 200
425 200
420 200
415 200
410 200
405 200
400 200
395 200
390 200
385 200
380 200
375 200
370 200
365 200
360 200
355 200
350 200
345 200
340 200
335 200
330 200
325 200
320 200
315 200
310 200
305 200
300 200
295 200
290 200
285 200
280 200
275 200
270 200
265 200
260 200
255 200
250 200
245 200
240 200
235 200
230 200
225 200
220 200
215 200
210 200
205 200
200 200
195 200
190 200
185 200
180 200
175 200
170 200
165 200
160 200
155 200
