600 200
600 200
600 200
600 200
600 200
600 200
600 200
600 200
600 200
600 200
600 200
600 200
600 200
600 200
600 200
600 200
600 200
600 200
600 200
600 200
600 200
600 200
600 200
600 200
600 200
600 200
600 200
600 200
600 200
600 200
600 200
600 200
600 200
600 200
600 200
600 200
600 200
600 200
600 200
600 200
600 200
600 200
600 200
600 200
600 200
600 200
600 200
600 200
600 200
600 200|20
600 200
600 200
600 200
600 200
600 200
600 200
600 200
600 200
600 200
600 200
600 200
600 200
600 200
600 200
600 200
600 200
600 200
600 200
600 200
600 200
600 200
600 200
600 200
600 200
600 200
600 200
600 200
600 200
600 200
600 200
600 200
600 200
600 200
600 200
600 200
600 200
600 200
600 200
600 200
600 200
