150 200
150 192
151 184
151 176
153 168
154 160
156 152
158 145
160 137
163 130
166 122
169 115
173 108
176 101
181 94
185 87
190 81
194 74
200 68
205 62
211 57
217 51
223 46
229 41
235 36
242 32
249 28
256 24
263 20
270 17
278 14
285 11
293 8
300 6
308 4
316 3
324 2
332 1
340 0
348 0
356 0
364 0
372 1
380 2
388 4
395 5
403 7
411 9
418 12
426 15
433 18
440 22
447 25
454 29
461 34
468 38
474 43
480 48
486 54
492 59
497 65
503 71
508 77
513 84
517 90
521 97
525 104
529 111
532 118
536 126
538 133
541 141
543 148
545 156
547 164
548 172
549 180
550 188
550 196
550 204
550 212
549 220
548 228
547 235
545 243
543 251
541 259
539 266
536 274
533 281
529 289
526 296
522 303
517 309
513 316
508 322
503 329
498 335
492 340
487 346
481 351
475 356
468 361
462 366
455 370
448 374
441 378
434 382
426 385
419 388
411 390
404 393
396 395
388 396
380 398
372 399
364 399
356 400
348 400
340 400
333 399
325 398
317 397
309 396
301 394
293 392
286 389
278 387
271 384
263 380
256 377
249 373
242 369
236 364
229 360
223 355
217 349
211 344
205 338
200 332
195 326
190 320
185 313
181 307
177 300
173 293
169 286
166 278
163 271
160 264
158 256
156 248
154 240
153 232
152 225
151 217
150 209
150 201
