200 200
204 191
209 183
213 174
218 166
222 158
227 150
231 143
236 135
240 128
244 121
249 114
253 108
258 101
262 95
267 89
271 83
276 77
280 72
284 67
289 62
293 57
298 52
302 48
307 44
311 40
316 36
320 32
324 29
329 25
333 22
338 19
342 17
347 14
351 12
356 10
360 8
364 6
369 5
373 4
378 2
382 2
387 1
391 0
396 0
400 0
404 0
409 0
413 1
418 2
422 2
427 4
431 5
436 6
440 8
444 10
449 12
453 14
458 17
462 19
467 22
471 25
476 29
480 32
484 36
489 40
493 44
498 48
502 52
507 57
511 62
516 67
520 72
524 77
529 83
533 89
538 95
542 101
547 108
551 114
556 121
560 128
564 135
569 143
573 150
578 158
582 166
587 174
591 183
596 191
600 200
596 200
591 200
587 200
582 200
578 200
573 200
569 200
564 200
560 200
556 200
551 200
547 200
542 200
538 200
533 200
529 200
524 200
520 200
516 200
511 200
507 200
502 200
498 200
493 200
489 200
484 200
480 200
476 200
471 200
467 200
462 200
458 200
453 200
449 200
444 200
440 200
436 200
431 200
427 200
422 200
418 200
413 200
409 200
404 200
400 200
396 200
391 200
387 200
382 200
378 200
373 200
369 200
364 200
360 200
356 200
351 200
347 200
342 200
338 200
333 200
329 200
324 200
320 200
316 200
311 200
307 200
302 200
298 200
293 200
289 200
284 200
280 200
276 200
271 200
267 200
262 200
258 200
253 200
249 200
244 200
240 200
236 200
231 200
227 200
222 200
218 200
213 200
209 200
204 200
