600 200
596 191
591 183
587 174
582 166
578 158
573 150
569 143
564 135
560 128
556 121
551 114
547 108
542 101
538 95
533 89
529 83
524 77
520 72
516 67
511 62
507 57
502 52
498 48
493 44
489 40
484 36
480 32
476 29
471 25
467 22
462 19
458 17
453 14
449 12
444 10
440 8
436 6
431 5
427 4
422 2
418 2
413 1
409 0
404 0
400 0
396 0
391 0
387 1
382 2
378 2
373 4
369 5
364 6
360 8
356 10
351 12
347 14
342 17
338 19
333 22
329 25
324 29
320 32
316 36
311 40
307 44
302 48
298 52
293 57
289 62
284 67
280 72
276 77
271 83
267 89
262 95
258 101
253 108
249 114
244 121
240 128
236 135
231 143
227 150
222 158
218 166
213 174
209 183
204 191
200 200
204 200
209 200
213 200
218 200
222 200
227 200
231 200
236 200
240 200
244 200
249 200
253 200
258 200
262 200
267 200
271 200
276 200
280 200
284 200
289 200
293 200
298 200
302 200
307 200
311 200
316 200
320 200
324 200
329 200
333 200
338 200
342 200
347 200
351 200
356 200
360 200
364 200
369 200
373 200
378 200
382 200
387 200
391 200
396 200
400 200
404 200
409 200
413 200
418 200
422 200
427 200
431 200
436 200
440 200
444 200
449 200
453 200
458 200
462 200
467 200
471 200
476 200
480 200
484 200
489 200
493 200
498 200
502 200
507 200
511 200
516 200
520 200
524 200
529 200
533 200
538 200
542 200
547 200
551 200
556 200
560 200
564 200
569 200
573 200
578 200
582 200
587 200
591 200
596 200
