301 200
301 200
301 200
301 200
301 200
301 200
301 200
301 200
301 200
301 200
301 200
301 200
301 200
301 200
301 201
301 201
301 201
301 201
301 201
301 201
301 201
301 201
301 201
301 201
301 201
301 201
301 201
300 201
300 201
300 201
300 201
300 201
300 201
300 201
300 201
300 201
300 201
300 201
300 201
300 201
300 201
300 201
300 201
300 201
300 201
300 201
300 201
300 201
300 201
300 201
300 201
300 201
300 201
299 201
299 201
299 201
299 201
299 201
299 201
299 201
299 201
299 201
299 201
299 201
299 201
299 201
299 200
299 200
299 200
299 200
299 200
299 200
299 200
299 200
299 200
299 200
299 200
299 200
299 200
299 200
299 200
299 200
299 200
299 200
299 200
299 200
299 200
299 200
299 200
299 200
